
Lead Data Scientist, EXL Service Inc.(2021- Present)
Overall 9+ years of experience in Data Science & Analytics
Worked with Retail, Insurance, Technology Industry clients
Expertise in Machine Learning, Python & R
MS in Data Science, Illinois Institute of Technology(2021)
Bachelors in Engineering, NIT Nagpur, India(2013)

1	21,928	264,684	42,000
2	33,813	354,807	42,000
3	37,197	343,135	42,000
4	38,958	331,180	42,000
5	46,705	441,167	42,000
6	48,313	487,359	42,000
7	27,135	248,093	21,600
8	21,566	188,556	21,600
9	21,141	221,438	21,600
10	21,031	224,231	10,800
11	14,048	191,151	10,800
12	11,056	160,294	10,800
13	15,140	221,367	21,600
14	18,407	233,277	21,600
15	29,729	271,835	21,600
16	26,783	241,275	21,600
17	15,595	97,680	21,600
18	22,183	136,771	10,800
19	14,959	170,625	10,800
20	15,734	186,792	21,600
21	17,628	195,132	21,600
22	30,998	354,606	21,600
23	26,116	316,954	21,600
24	28,000	347,003	21,600
25	28,001	338,108	21,600
26	27,919	342,213	21,600
27	27,458	335,604	21,600
28	27,462	366,124	21,600
29	40,014	515,619	42,000
30	48,232	613,313	42,000
31	45,519	563,660	21,600
32	24,835	434,573	21,600
33	25,679	501,463	21,600
34	29,934	527,130	42,000
35	46,610	647,843	42,000
36	52,420	637,766	42,000
37	30,280	466,623	42,000
38	32,751	461,550	42,000
39	46,628	526,178	42,000
40	55,132	602,164	42,000

